0,283
0,444
103,25
0,387
0,508
0,507
0,506
0,505
0,499
0,498
0,494
0,493
0,391
103,24
0,424
0,488
0,487
0,484
0,481
299,35
92,1
92,3
103,21
103,15
0,479
0,473
103,7
54,5
54,4
54,1
54,3
78,4
78,1
78,3
103,5
103,4
103,16
103,14
103,13
103,12
103,10
103,9
103,6
103,3
0,471
0,386
45,7
45,5
84,4
84,1
84,3
27,4
27,1
27,3
14,10
0,273
0,270
0,544
24,1
24,3
14,9
3,2
3,1
3,3
10,219
10,241
10,83
10,177
10,103
10,201
10,11
10,145
11,23
11,4
11,17
11,18
11,7
8,13
8,7
8,11
8,8
8,15
0,516
12,2
12,1
12,3
20,2
20,1
20,3
19,2
19,1
19,3
259,590
259,589
259,588
259,587
259,586
259,585
259,584
259,583
259,582
259,581
259,580
259,579
259,578
259,577
259,576
259,575
259,574
259,573
259,572
259,571
259,570
259,569
259,568
259,567
259,566
259,565
259,564
259,563
259,562
259,561
259,560
259,1
223,5
223,4
223,3
223,2
223,1
217,3
217,1
215,4
215,3
215,1
18,1
214,4
18,3
214,1
